30462196
30462195
30462191
30462190
30462189
30462186
30462185
30462183
30462181
30462179
30462174
30462170
30462167
30462165
30462163
30462161
30462157
30462156
30462155
30462154
30462151
30462147
30462146
30462145
30462141
30462138
30462136
30462132
30462131
30462128
30462127
30462125
30462122
30462120
30462119
30462118
30462117
30462114
30462112
30462108
30462105
30462104
30110055
30462100
30462098
30462094
30462092
30462088
30462087
30462084
30462083
30462082
30462081
30462078
30462076
30462071
30462068
30462067
30462063
30462062
30462061
30462058
30462056
30462052
30462050
30462044
30462041
30462040
30462037
30462035
30462031
30462028
30462024
30462020
30462019
30462015
30462014
30462012
30462008
30462007
30462005
30462003
30462002
30462000
21290061
30461998
30461997
30461996
30461995
30461991
30461987
30461983
30461982
30461979
30461977
30461975
30461971
30461964
30461962
30461961
30461957
30461956
30461952
30461948
30461945
30461944
30461941
30461939
30461935
30461933
30461932
30461928
30461925
30461924
30461920
30461918
30461917
30461915
30461914
30461911
30461908
30461905
30461903
30461899
30461897
30461893
30461891
30461889
30461887
30461883
30461882
30461881
30461878
30461876
30461873
30461870
30461868
30461866
30461862
30461860
30461857
30461853
30461849
30461846
30461844
30461840
30461836
30461834
30461833
30461830
30461826
30461823
30461819
30461816
30461815
30461813
30461812
30461809
30461808
30461807
30461805
30461803
30461802
30461798
30461797
30461793
30461792
30461791
30461787
30461785
30461783
30461782
30461780
30461776
30461775
30461771
30461768
30461767
30461763
30461761
30461759
30461756
30461752
30461748
30461745
30461743
30461742
30461741
30461739
30461737
30461734
30461731
30461728
30461724
30461720
30461717
30461714
30461712
30461710
30461707
30461703
30461699
30461696
30461693
30461691
30461687
30461683
30461679
30461677
30461673
30461670
30461669
30461667
30461665
30461662
30461660
30461655
30461654
30461651
30461647
30461644
30461641
30461640
30461638
30461635
30461634
15759797
30461631
30461628
30461625
30461623
30461620
30461619
30461618
30461617
30461616
30461612
30461610
30461608
30461605
30461603
30461601
30461597
30461596
30461594
30461593
30461589
30461585
30461582
30461581
30461577
30461575
30461573
30461571
30461568
30461567
30461563
30461559
30461558
30461557
30461556
30461554
30461552
30461549
30461547
30461546
30461543
30461541
30461537
30461536
30461535
30461534
30461532
30461531
30461527
30461523
30461521
30461520
30461518
30461517
30461513
30461510
30461509
30461505
30461504
30461502
30461499
30461498
30461495
30461492
30461488
30461485
30461483
30461480
30461477
30461474
30461473
30461471
30461470
30461468
30461461
30461464
30461460
30461456
30461452
30461451
30461450
30461446
30461445
30461442
30461441
30461437
30461435
30461431
30461428
30461424
30461421
30461418
30461416
30461413
30461411
30461407
30461404
30461401
30461399
30461396
30461393
30461389
30461388
30461387
30461384
30461380
30461379
30461376
30461373
30461369
30461368
30461365
30461363
30461362
30461359
30461356
30461355
30461354
30461351
30461348
30461344
30461340
30461338
30461335
30461332
30461331
30461327
30461325
30461323
30461322
30461318
30461315
30461314
30461311
30461308
30461307
30461306
30461302
30461298
30461297
30461295
30461291
30461290
30461286
30461283
30461279
30461278
30461277
30461276
30461273
30461269
30461265
30461263
30461259
30461257
30461253
30461250
30461249
30461248
30461245
30461243
30461241
30461238
30461234
30461232
30461229
30461226
30461224
30461222
30461221
30461219
30461218
30461215
30461211
30461206
30461202
30461198
30461194
30461190
30461189
30461187
30461184
30461183
30461182
30461178
30461174
30461169
30461168
30461167
30461164
30461161
30461158
30461154
30461153
30461152
30461151
30461147
30461146
30461144
30461142
30461139
30461135
30461133
30461132
30461128
30461123
30461122
30461119
30461115
30461113
30461111
30461109
30461104
30461101
30461098
30461094
30461090
30461083
30461082
30461081
30461078
30461076
30461074
30461070
30461069
30461068
30461066
30461060
30461058
30461057
30461055
30461052
30461048
30461045
30461042
30461038
30461035
30461032
30461029
30461026
30461025
30461021
30461018
30461015
30461012
30461008
30461006
30461002
30461000
30460998
30460997
30460995
30460993
30460989
30460985
30460982
30460980
30460976
30460972
30460970
30460966
30460964
30460963
30460961
30460958
30460957
30460953
30460949
30460945
30460942
30460939
30460936
30460932
30460928
30460924
30460921
30460917
30460914
30460910
30460906
30460905
30460902
30460900
30460896
30460892
30460890
30460886
30460883
30460879
30460875
30460874
30460873
30460872
30460871
30460867
30460865
30460861
